5592984435594
5591992693342
5591992626841
5591992454764
5591992063649
5591991936782
5591991557866
5591991231173
5588994770032
5588981362628
5588981345229
5588981330651
5588981311527
5588981303411
5588981291386
5588981199251
5588981125499
5588981033936
5588981033874
5587991577649
5587991047400
5585999223900
5585992633325
5585992499185
5585982149786
5585981867531
5585981648367
5585981535167
5585981332677
5585981300322
5585981030170
5584999872797
5584991798481
5592994826446
5584991493033
5583991432596
5583981961476
5583981052164
5582982301908
5511930709110
5511932793176
5511932794070
5511937709037
5511941551087
5511941836612
5511943108539
5511943690969
5511944455150
5511944988598
5511945342155
5511950467908
5511950803038
5511953072096
5511955878021
5511956846257
5511957851283
5511959253755
5511961716441
5511963018001
5511963368292
5511963394795
5511963811441
5511964704725
5511966004147
5511966026178
5511966509642
5511968814045
5511969210305
5511969286281
5511969298056
5511970791521
5511971162545
5511971807784
5511972790690
5511972823176
5511973983710
5511974514287
5511975520967
5511975538794
5511975564361
5511976419743
5511976428553
5511976491558
5511981582332
5511986737268
5511987391893
5511989021464
